36 36
47 63 32 20 50 26 64 36 31 51 62 63 87 76 40 30 26 39 20 60 61 24 64 66 37 66 61 29 21 55 61 69 74 80 36 59
85 70 63 21 71 20 53 25 21 80 49 90 68 23 29 56 86 29 28 82 54 63 64 65 48 67 74 82 32 25 60 65 72 80 29 39
60 81 79 51 63 68 31 86 39 55 64 89 43 60 50 86 26 28 31 24 21 31 42 20 32 57 43 45 63 37 25 66 39 68 50 64
46 68 72 35 85 71 83 33 57 43 21 38 25 83 74 42 23 43 49 38 70 29 28 21 21 63 45 65 33 44 21 55 20 70 29 64
84 58 69 88 68 90 25 87 87 77 79 89 72 87 58 48 20 81 68 46 31 57 29 60 85 77 54 68 70 83 47 65 90 81 22 24
71 44 84 24 53 55 39 59 37 75 32 40 71 39 32 37 63 21 57 32 50 23 54 70 58 90 23 25 47 56 38 60 38 88 46 52
87 38 49 73 44 64 32 66 32 24 74 54 61 34 21 57 70 74 88 66 89 69 66 67 20 27 32 62 62 81 56 88 84 82 71 22
29 53 48 83 75 79 89 27 23 23 57 33 34 41 83 89 43 57 50 53 62 26 24 47 88 70 30 75 46 84 65 54 41 48 71 35
68 63 78 82 56 40 22 59 28 24 66 62 38 90 84 45 27 72 64 86 61 55 67 49 32 47 30 42 42 51 88 77 35 89 57 90
21 64 49 53 83 40 58 45 73 88 76 82 67 34 82 74 33 83 65 80 68 86 34 87 72 85 66 23 46 54 59 51 28 29 31 72
30 60 39 83 52 84 34 64 49 35 56 68 75 58 71 27 75 66 59 51 76 63 59 64 87 76 42 85 69 48 81 65 37 47 49 56
37 82 30 75 47 28 54 67 38 59 48 71 20 29 55 85 75 83 40 58 33 83 85 80 29 52 67 21 21 41 53 30 31 65 80 25
64 57 70 61 34 71 42 56 87 65 46 61 24 57 73 46 73 90 62 37 68 72 62 58 60 66 51 89 43 83 46 49 57 55 79 46
80 82 37 69 80 79 89 70 76 63 40 64 80 34 55 90 27 65 35 22 69 82 20 87 63 86 44 60 40 27 34 64 26 53 59 72
90 26 31 24 76 73 39 84 28 37 44 26 43 74 41 70 68 66 76 64 40 77 67 87 68 50 46 26 22 31 70 26 81 87 45 26
78 79 65 76 58 40 90 38 58 64 72 38 76 37 44 33 78 72 90 25 82 38 37 82 70 69 29 58 25 58 85 90 46 48 22 44
89 73 60 57 45 27 38 67 84 52 66 56 74 44 61 58 63 62 79 25 70 89 82 34 40 29 73 44 43 27 77 42 78 46 89 32
79 47 25 89 49 34 78 58 33 43 80 57 22 81 77 63 47 43 82 55 62 80 77 82 83 78 75 25 71 60 70 54 22 22 33 22
56 73 57 42 22 51 44 55 56 36 63 83 20 90 22 28 47 42 62 24 37 24 22 89 84 83 77 80 35 29 57 81 62 89 25 63
54 65 58 23 41 22 73 44 23 82 26 25 52 39 75 64 29 36 36 61 60 50 32 27 40 39 21 40 76 79 31 38 24 42 84 59
76 38 69 32 84 44 85 59 48 45 39 36 80 87 65 69 48 34 55 41 33 57 90 59 30 23 26 88 21 41 65 33 87 51 60 39
31 89 50 75 30 67 86 40 43 81 30 67 36 67 79 51 88 85 21 82 76 20 57 31 27 56 28 78 37 79 30 41 87 41 53 77
67 61 34 73 36 32 41 63 63 27 58 72 82 72 55 59 88 39 55 34 90 52 73 41 47 27 74 43 64 47 31 75 85 57 66 70
72 85 38 64 27 63 77 52 41 52 56 34 88 64 26 76 47 56 54 43 20 83 31 83 84 74 31 49 80 23 24 36 39 24 34 73
75 83 39 33 83 57 50 71 26 22 45 22 72 59 72 84 46 20 43 80 62 32 69 55 47 62 70 35 43 34 30 23 25 89 37 68
77 43 44 37 43 47 29 46 78 29 48 76 61 23 81 89 49 36 36 77 29 30 38 79 56 81 72 68 29 37 45 69 20 21 27 55
30 73 28 24 87 45 39 29 40 27 79 59 42 78 20 61 52 58 24 55 38 43 26 83 69 28 86 90 41 41 29 86 90 43 27 54
33 90 42 76 78 73 88 44 21 25 29 58 57 36 44 81 65 70 56 29 25 43 73 78 55 44 37 26 21 44 29 24 83 55 54 74
52 21 79 80 78 54 65 75 48 45 85 75 89 35 32 46 39 24 25 35 59 65 32 73 55 70 41 77 33 48 88 32 53 36 38 83
75 25 69 32 75 32 27 29 28 83 49 45 79 48 81 27 20 88 82 48 29 48 23 86 24 41 24 28 70 65 77 63 68 46 52 30
89 89 68 25 56 36 52 86 55 75 66 79 25 23 43 38 81 39 84 20 48 60 78 31 24 57 77 57 28 62 67 51 24 73 34 73
72 28 29 75 75 40 29 77 60 84 25 38 69 80 45 62 67 52 57 45 55 44 39 28 65 42 59 49 51 30 56 51 54 80 87 71
56 30 82 65 31 23 89 41 32 44 21 21 28 77 61 29 52 42 89 25 36 83 80 72 33 43 75 85 46 33 34 31 87 76 45 40
76 54 72 88 59 62 29 85 73 67 29 67 89 53 82 60 64 75 59 34 72 44 46 66 87 44 77 59 35 40 28 39 59 34 21 84
63 36 75 80 79 50 30 79 24 90 52 55 65 39 90 84 52 66 31 89 27 44 52 51 82 21 26 87 20 63 23 52 59 58 57 56
46 39 33 36 73 87 46 89 21 53 89 75 46 33 45 70 77 79 61 74 84 85 21 81 62 29 68 55 56 80 56 89 63 69 76 71
