39 50
37 81 31 31 41 89 68 89 61 76 65 46 25 40 53 68 81 86 82 75 84 43 36 58 87 88 49 36 23 74 63 89 40 40 46 68 42 70 79 23 81 83 27 49 87 44 25 66 79 82
89 52 28 69 41 60 59 41 47 63 22 24 78 56 23 55 57 85 52 47 45 69 58 66 58 71 84 54 57 31 67 80 90 86 76 66 32 70 55 28 34 82 51 41 80 39 51 76 42 75
90 57 75 78 60 23 37 64 66 37 68 24 86 71 66 58 68 40 74 78 51 46 76 33 73 70 24 61 82 68 43 46 88 37 25 62 37 46 55 57 35 76 51 20 38 62 87 28 60 71
36 52 75 72 52 22 30 82 59 40 81 84 35 86 42 34 75 33 55 25 24 52 51 34 90 25 78 20 89 58 77 39 31 54 55 87 62 63 59 26 58 51 49 80 48 62 55 54 89 76
42 43 25 45 68 48 34 77 41 64 23 65 71 21 30 32 30 73 33 53 58 47 39 89 63 43 21 86 36 74 90 80 88 50 32 48 33 46 70 61 81 81 51 54 25 48 66 35 33 85
43 58 89 28 57 81 59 62 61 66 35 58 35 76 39 28 44 44 30 25 89 27 84 28 42 43 90 72 75 66 75 54 31 42 51 76 67 52 46 79 77 41 83 50 88 32 60 56 20 90
56 63 70 43 46 80 64 39 74 44 71 35 90 20 46 44 60 31 45 54 37 67 84 86 83 33 76 57 57 82 89 86 50 67 33 38 31 60 40 71 49 24 45 21 36 85 60 27 65 57
70 36 29 29 20 36 30 45 59 30 39 83 89 43 84 70 84 46 69 67 25 57 81 31 77 81 23 40 79 72 26 45 49 67 20 60 82 21 60 39 54 65 40 41 28 80 34 67 43 21
22 65 29 21 69 55 48 37 86 89 67 22 72 29 65 74 84 26 25 90 50 79 50 32 70 70 83 83 88 65 90 66 80 69 41 50 31 68 73 35 76 49 44 35 25 88 23 51 60 55
63 68 30 53 57 64 33 45 70 71 82 76 58 67 37 28 34 26 67 81 86 41 66 74 84 33 22 32 64 22 59 38 63 83 59 55 67 43 43 34 28 36 60 84 40 58 80 64 31 80
59 48 54 34 30 26 38 89 65 66 56 34 40 67 37 38 36 46 49 40 65 56 36 42 42 75 42 32 41 41 26 87 20 89 37 22 71 73 68 31 42 43 22 64 23 22 38 54 61 28
26 38 27 59 26 40 47 63 83 58 41 62 90 20 63 75 21 78 64 55 70 35 66 84 79 37 21 72 79 54 86 65 67 41 24 73 86 32 22 30 41 67 47 69 69 90 44 22 63 37
61 82 85 63 51 59 51 22 56 72 43 83 35 69 68 24 65 40 25 58 86 66 88 55 61 69 39 78 44 88 62 60 56 21 54 77 69 38 53 20 81 81 47 22 82 21 69 24 26 21
49 57 52 85 55 37 51 69 62 73 25 73 89 59 21 83 54 74 79 36 58 68 27 58 27 34 60 88 45 22 80 61 76 43 32 42 35 22 45 49 79 33 52 53 82 24 68 24 82 57
33 57 84 35 72 51 90 78 31 27 34 35 61 81 62 42 88 63 42 23 60 68 33 60 80 67 75 22 63 39 76 32 49 50 79 31 86 43 75 77 78 53 40 46 39 70 67 73 77 45
65 67 35 31 20 86 65 88 27 37 80 20 24 79 22 29 81 29 20 43 73 84 64 69 53 20 88 73 73 32 29 45 75 54 33 59 22 51 63 41 36 32 32 33 21 78 44 80 22 60
58 37 75 36 36 37 65 30 61 23 76 22 26 39 38 87 72 39 41 46 42 44 28 58 35 49 51 21 45 76 68 65 62 55 25 61 35 46 41 48 44 38 64 40 51 21 53 20 49 42
21 80 80 47 43 60 59 89 56 54 36 51 31 23 75 58 43 26 27 78 39 63 42 89 38 89 76 21 63 64 40 61 47 66 53 57 38 45 42 30 63 26 56 57 35 26 74 58 60 73
81 62 51 56 78 68 86 58 50 82 85 59 45 56 58 28 73 55 65 32 62 28 21 53 24 63 22 68 77 37 30 58 26 27 65 67 24 90 49 58 90 73 64 40 84 59 79 74 48 87
64 58 38 79 52 54 87 78 25 22 75 80 48 80 69 89 57 22 30 38 60 74 74 73 48 88 32 52 82 27 67 54 23 30 38 56 53 52 89 51 71 56 77 55 53 56 73 60 43 33
80 37 32 43 49 77 61 78 78 87 43 75 89 80 83 81 43 27 85 53 82 63 33 41 56 90 56 88 69 52 21 49 43 72 77 24 62 39 38 40 65 30 26 53 86 82 26 87 58 30
32 48 63 36 60 66 57 70 87 60 75 37 37 70 36 71 84 81 64 84 35 58 50 30 59 48 69 45 48 66 25 65 39 32 34 29 81 27 65 59 88 73 54 32 35 24 79 29 39 29
64 34 20 57 35 61 38 90 74 84 76 74 25 76 54 68 38 57 34 58 81 84 55 55 60 77 87 50 76 68 68 70 52 27 67 65 23 88 78 23 20 27 51 87 70 44 40 22 68 82
87 72 64 68 61 63 38 64 26 60 71 49 80 32 37 36 76 57 37 82 75 57 71 30 58 22 48 38 61 28 69 66 34 70 65 81 21 20 28 49 36 51 26 88 56 34 69 72 51 63
34 81 35 73 43 71 76 44 76 66 64 50 69 55 88 46 79 67 43 74 28 42 34 42 49 21 68 35 42 60 77 29 83 85 63 43 33 61 32 85 78 59 25 60 42 48 32 87 73 42
40 64 36 74 27 30 65 85 81 23 51 35 42 90 65 52 67 55 85 56 33 76 51 72 82 31 35 68 81 33 87 41 56 22 45 44 78 70 20 77 77 54 54 27 41 55 64 88 69 72
67 70 63 70 37 58 29 61 72 34 38 44 89 34 29 58 79 70 53 88 44 52 26 43 38 52 52 48 44 44 46 40 29 29 62 63 88 30 76 60 76 86 47 58 25 40 72 66 42 50
61 35 78 70 60 59 37 84 47 44 50 36 24 48 32 27 39 64 20 73 47 61 61 56 28 88 38 75 24 47 79 79 77 26 62 89 53 80 64 56 34 31 89 38 50 30 80 26 73 86
32 61 62 84 25 62 40 57 90 33 79 29 75 58 88 39 27 31 48 82 79 69 85 72 46 56 79 53 70 55 52 29 84 37 50 61 55 62 65 49 81 69 80 87 45 57 41 66 72 33
20 32 39 31 58 70 61 38 62 32 39 41 55 25 43 26 69 22 29 56 73 68 41 51 68 85 74 21 35 67 68 62 83 67 63 76 32 47 41 43 21 63 69 51 33 89 88 55 28 25
79 78 28 77 51 38 88 50 34 76 89 43 32 48 45 79 43 38 58 28 84 58 32 53 76 21 29 40 62 72 65 79 44 69 70 64 63 29 59 74 90 26 25 38 41 78 35 54 50 62
83 57 43 36 41 53 24 69 49 52 23 28 69 31 59 65 80 77 23 46 27 48 34 47 20 20 83 85 84 72 87 26 85 21 80 32 64 51 43 76 68 65 55 61 80 29 86 81 23 41
37 43 52 41 33 36 38 68 83 39 29 80 21 59 82 82 59 71 54 60 72 29 56 70 63 30 79 37 83 66 69 60 37 38 61 86 62 55 34 26 27 33 27 83 49 74 81 74 39 70
67 90 43 71 72 29 36 64 72 44 51 80 27 90 57 40 83 43 84 70 27 33 54 54 57 35 69 50 23 33 58 70 55 59 49 42 25 87 81 43 31 24 20 87 76 29 80 57 88 37
46 76 36 27 73 56 44 20 53 33 77 86 45 83 51 22 85 51 40 62 26 26 85 21 43 73 82 76 35 49 81 45 23 83 38 28 53 81 48 78 48 52 69 87 29 58 50 68 88 66
25 44 27 42 21 79 69 31 85 24 53 61 60 27 70 32 43 34 65 63 48 40 52 67 54 26 42 31 62 42 77 27 58 40 23 79 60 49 44 40 37 78 75 84 67 47 79 30 28 47
38 70 37 61 29 61 47 62 89 28 43 72 55 45 48 46 54 60 60 51 73 38 22 90 83 56 69 32 85 43 64 86 52 47 78 74 74 77 43 29 37 54 75 77 50 79 74 47 85 78
44 85 55 72 27 33 53 37 69 42 58 81 32 57 41 33 74 47 83 66 62 56 70 20 38 51 28 46 88 55 63 68 73 58 39 77 71 46 36 89 28 87 54 28 80 51 63 58 56 43
69 29 64 85 61 59 77 75 67 36 37 56 89 60 83 66 45 47 24 47 45 43 81 26 27 83 70 43 73 35 65 73 39 21 67 88 35 45 78 31 23 39 42 53 67 37 33 37 90 78
