36 36
74 68 89 31 52 65 89 40 79 56 48 21 59 21 76 45 44 72 82 46 72 87 36 25 84 21 70 81 43 40 31 39 27 52 89 55
22 79 81 87 90 64 30 80 52 47 22 85 64 48 45 69 41 60 25 49 58 70 32 24 52 77 81 24 85 67 36 84 48 52 70 53
62 63 85 31 31 58 24 37 55 55 60 63 58 34 70 23 65 36 73 54 56 67 80 38 38 77 26 44 73 55 65 32 43 52 76 55
69 32 30 34 58 76 54 26 37 22 67 76 42 64 47 38 42 46 40 33 74 80 80 61 71 22 35 75 54 62 20 63 38 88 35 60
26 34 87 80 80 52 67 23 86 26 46 57 78 64 46 54 82 73 68 81 60 22 66 60 66 48 33 79 33 51 73 89 47 56 67 23
71 29 58 52 61 43 50 28 82 60 41 81 56 78 77 35 31 82 53 57 24 38 76 39 50 50 37 81 88 44 48 54 20 79 29 46
37 71 69 55 41 30 37 29 86 34 49 30 81 34 68 75 22 20 41 74 42 46 73 65 68 90 83 39 89 38 22 41 83 21 38 72
88 43 64 83 35 78 24 86 47 52 62 81 40 83 42 88 59 44 68 81 43 30 81 21 23 40 66 61 87 41 83 75 62 59 67 83
60 20 27 63 55 60 46 27 50 40 38 32 25 61 57 61 39 53 24 89 50 85 57 90 27 63 30 21 55 70 22 74 51 43 34 29
41 21 86 24 59 31 83 85 87 68 75 56 31 70 39 36 32 71 51 35 86 32 87 28 54 40 65 26 87 23 85 84 90 69 40 72
36 20 63 29 86 87 23 50 47 72 63 82 86 88 81 44 20 65 75 77 34 64 36 47 25 63 32 41 85 38 59 33 81 23 55 68
66 79 46 20 66 52 81 31 86 65 23 71 23 78 53 82 75 87 86 46 39 31 42 73 57 48 34 36 66 48 66 72 73 42 55 55
81 60 26 47 61 79 21 81 87 78 90 63 71 46 78 69 65 41 33 83 81 78 21 90 71 32 69 43 32 64 42 68 71 29 57 20
89 75 47 43 50 40 67 23 63 90 57 24 57 48 60 48 73 20 22 61 76 65 29 70 21 34 68 24 78 35 90 73 20 58 90 52
83 78 48 27 47 89 26 51 70 90 36 73 31 43 59 24 90 65 40 49 59 51 21 33 43 75 47 89 87 63 90 64 72 66 71 32
56 23 36 30 48 75 44 36 69 26 20 29 22 59 60 77 88 70 47 90 49 71 52 23 71 74 25 82 35 23 31 74 59 52 44 78
34 54 66 63 53 67 40 84 33 80 22 79 65 46 20 90 30 52 61 71 66 78 28 87 47 45 61 28 45 65 34 67 73 43 90 51
71 42 57 37 23 58 62 45 87 22 64 90 74 59 51 86 69 79 87 81 29 85 44 41 63 27 83 45 70 39 49 73 49 20 69 40
61 81 69 58 72 54 36 22 59 60 75 89 22 88 83 20 40 77 36 30 64 85 25 54 36 73 43 87 41 31 44 25 62 75 77 81
50 80 41 42 44 42 23 89 67 51 22 71 26 89 42 46 35 23 49 34 55 63 53 49 25 35 60 54 70 38 87 73 69 73 43 33
22 22 25 76 87 84 90 62 26 66 40 72 82 64 59 44 87 59 45 83 63 52 72 88 57 74 50 37 39 65 81 63 28 35 38 64
76 73 42 59 81 61 88 90 66 60 33 48 61 42 79 66 69 23 62 56 23 84 32 38 69 35 64 31 38 45 86 71 65 80 82 69
90 39 70 21 73 77 54 61 83 47 84 32 42 50 31 20 52 58 89 55 42 27 21 76 61 56 55 40 83 38 66 41 45 45 62 63
67 34 56 56 51 51 88 29 83 20 67 73 24 45 57 75 68 88 22 56 40 28 90 88 64 34 71 83 88 52 85 42 84 32 49 74
76 58 85 79 58 41 38 23 26 44 38 60 67 24 72 41 85 41 30 48 51 82 57 71 44 42 85 24 24 34 73 60 79 78 35 53
80 42 25 25 49 71 54 58 64 69 80 90 58 20 57 89 78 81 74 20 81 80 35 25 35 31 67 72 71 82 53 68 30 35 61 86
48 44 85 21 35 20 50 32 65 83 58 71 36 33 54 67 36 84 48 58 30 20 56 26 76 70 75 52 80 40 64 87 37 74 56 22
72 34 49 41 27 71 48 60 83 86 23 81 88 24 22 21 32 67 80 79 23 35 20 63 40 68 78 40 86 45 79 37 73 48 76 59
22 66 50 57 22 74 58 81 69 55 52 24 74 43 39 50 89 25 34 39 87 81 23 31 88 74 28 33 34 27 61 83 72 86 80 80
73 63 76 53 65 23 83 61 48 70 63 44 53 71 82 58 80 76 87 59 66 81 41 34 86 75 23 56 28 88 63 36 38 65 72 24
44 76 37 54 27 84 77 55 28 60 60 51 48 51 51 77 69 88 86 34 59 53 24 25 43 33 47 90 65 66 80 79 25 89 25 46
53 90 78 81 61 26 72 62 31 31 50 61 56 28 82 35 39 65 67 69 24 78 74 61 86 55 73 73 26 51 86 36 68 33 86 41
84 63 83 73 47 21 77 79 66 88 20 61 75 41 32 20 85 45 76 61 83 38 83 62 55 59 42 62 22 40 71 87 79 65 25 86
23 55 56 25 59 77 33 56 82 78 68 71 89 30 61 75 33 89 49 30 81 36 52 38 87 83 58 78 35 68 56 27 72 37 62 82
83 24 41 27 34 48 88 64 66 29 36 72 34 66 35 59 90 34 69 53 62 43 52 51 89 21 45 44 47 45 56 28 28 34 69 22
51 31 85 21 21 65 30 31 21 53 51 67 28 46 44 88 49 53 89 48 38 38 22 55 38 45 44 57 72 90 90 73 22 48 24 53
