40 50
46 36 66 23 75 80 26 42 76 89 56 53 48 46 32 42 75 71 89 56 50 90 34 25 70 28 84 68 54 52 87 47 40 39 72 42 72 70 20 82 87 81 81 45 27 26 30 30 81 23
39 89 75 72 34 29 78 72 64 77 29 51 36 81 28 61 28 27 58 47 69 55 46 52 63 72 86 66 26 56 67 51 62 37 60 29 79 60 47 34 20 80 68 34 29 47 84 70 87 57
37 69 43 65 68 80 37 70 82 64 73 59 69 65 21 25 29 56 36 56 39 25 75 20 38 55 25 57 61 40 42 38 47 47 70 62 76 27 23 35 77 52 77 75 44 58 64 62 84 89
38 44 80 79 40 63 87 46 58 56 47 34 88 55 20 86 78 38 52 88 42 53 58 61 26 51 85 87 79 77 86 73 77 44 86 57 84 83 56 44 23 40 76 54 72 88 85 34 81 63
82 63 80 89 41 74 20 36 38 47 35 74 85 83 32 44 84 87 27 44 59 48 35 45 77 68 27 83 21 36 55 44 70 74 32 84 65 69 39 53 62 52 76 89 23 79 66 76 26 88
45 79 22 38 55 71 53 66 34 59 89 69 50 90 66 75 64 46 20 89 27 33 83 54 61 85 85 42 31 29 45 58 74 52 33 61 79 29 86 78 74 65 53 62 81 73 65 41 64 88
74 64 21 55 71 52 23 34 48 72 25 42 52 84 31 25 28 38 32 89 69 73 80 81 66 43 83 59 33 39 47 77 88 24 34 52 69 88 85 35 25 84 39 28 57 74 66 60 84 75
40 82 65 37 68 80 64 68 43 28 65 79 40 88 82 45 82 51 41 61 85 77 39 40 84 85 52 55 80 78 36 51 77 60 62 78 52 45 29 52 20 30 35 30 53 52 88 30 74 64
55 84 82 58 71 84 48 20 67 40 80 85 90 29 26 79 71 72 73 51 24 81 29 33 56 33 88 31 65 36 59 82 61 49 60 77 32 42 31 60 63 68 32 67 25 28 85 40 78 53
28 60 52 90 55 34 78 48 74 88 70 72 59 29 57 27 24 72 69 29 86 84 65 27 53 61 82 80 60 26 22 51 45 49 30 43 54 35 84 38 49 49 62 40 84 46 58 80 77 72
53 68 25 36 34 87 51 35 86 89 58 32 89 55 69 90 50 52 67 90 66 56 89 37 52 74 49 55 35 51 41 28 46 32 61 85 49 63 74 49 48 30 83 23 70 59 74 53 85 63
77 89 74 30 37 85 46 27 35 20 24 29 26 25 21 89 89 67 45 78 28 28 90 39 53 48 44 25 20 55 86 61 25 39 74 44 58 89 77 85 54 53 78 41 39 73 81 39 32 72
41 26 66 55 43 40 36 23 59 57 36 27 25 77 46 64 39 79 89 47 81 66 43 79 66 61 76 71 38 73 25 53 86 34 49 61 46 33 36 87 36 40 69 88 33 29 87 58 54 27
68 89 34 75 57 80 27 75 79 78 48 47 28 66 53 78 71 25 68 68 80 28 25 86 55 44 58 56 55 79 89 28 88 76 39 36 70 25 37 82 78 64 61 38 21 53 70 20 54 27
73 78 68 42 34 61 51 55 36 79 53 26 26 79 38 22 74 60 80 26 34 65 68 56 20 80 43 24 35 53 25 49 46 84 53 66 50 46 30 85 77 86 68 40 26 29 31 85 21 35
75 68 52 90 78 21 73 44 81 85 78 48 26 60 49 56 69 88 84 79 90 83 21 22 20 72 82 20 22 68 81 78 68 25 55 32 59 52 68 56 47 58 79 85 75 72 35 86 62 86
90 79 66 62 31 25 28 86 81 41 30 37 28 37 63 65 48 28 24 37 25 61 81 42 65 38 37 72 40 88 37 37 83 24 29 30 72 61 33 47 34 67 55 64 32 67 25 64 29 48
67 27 73 82 77 61 50 73 28 85 32 32 84 87 51 22 50 24 64 48 61 61 67 49 57 65 64 32 40 57 36 44 62 30 21 21 41 69 83 33 38 22 73 59 24 71 28 63 61 42
34 33 85 78 80 59 56 40 27 34 78 22 84 48 72 53 37 37 89 49 68 87 58 60 39 27 88 21 35 70 79 71 85 53 32 23 20 45 26 74 49 33 39 64 43 76 70 59 64 82
57 81 23 26 29 57 54 71 85 52 33 66 45 39 75 50 44 83 66 49 28 74 57 33 83 89 48 87 52 89 64 60 63 25 40 22 29 59 57 67 62 46 63 87 48 88 50 41 48 53
74 60 70 35 69 46 20 73 40 43 72 36 84 27 81 30 50 82 87 31 33 36 20 63 24 46 53 66 40 30 48 22 32 38 54 64 45 88 58 41 24 88 90 61 77 69 69 70 81 54
64 50 44 87 39 20 88 34 32 63 67 76 70 80 62 84 33 89 35 41 85 90 55 60 72 30 82 21 72 57 38 60 75 87 30 22 71 84 31 51 72 50 48 33 26 29 34 66 31 82
46 52 32 77 28 52 29 44 47 42 85 81 68 46 68 37 57 62 72 48 46 81 20 43 69 34 34 51 47 54 46 35 78 44 26 62 59 42 79 26 27 37 51 36 59 43 42 61 59 24
74 32 78 63 68 70 29 33 46 64 85 55 90 23 71 57 81 74 41 67 35 78 77 70 29 65 58 39 26 42 86 48 48 77 35 38 70 47 70 28 36 24 38 68 78 29 60 80 88 52
41 65 90 30 26 35 29 83 24 38 22 22 62 36 65 57 66 86 59 25 31 80 66 54 89 79 64 51 40 60 23 45 21 88 49 39 34 77 70 74 76 22 74 86 29 29 22 55 65 34
63 69 38 58 75 88 44 72 44 49 48 56 80 68 85 54 47 67 86 47 32 55 87 28 41 46 87 36 71 53 86 83 51 88 42 90 57 43 75 75 78 52 26 44 64 65 38 62 89 54
37 79 46 45 86 55 73 47 84 88 78 29 50 48 63 62 59 65 37 81 23 64 63 70 37 83 30 46 28 39 58 32 60 70 89 42 40 41 78 55 83 29 54 37 72 54 52 84 23 77
39 87 40 73 64 40 67 75 63 52 28 34 36 65 51 35 62 67 62 55 74 30 64 39 32 22 40 68 88 80 63 75 75 20 56 56 56 55 64 90 65 22 53 74 41 84 33 53 75 71
35 23 54 64 74 71 80 68 76 81 51 27 70 52 66 33 64 34 77 87 51 58 52 39 52 38 81 82 29 60 40 80 65 52 44 79 80 25 29 77 56 77 37 80 33 87 62 67 43 75
37 24 90 53 32 79 69 33 35 21 83 90 66 75 72 43 37 47 68 31 67 71 53 63 60 47 24 49 43 48 21 51 61 47 86 70 74 27 66 26 23 78 22 37 54 80 62 27 38 77
77 27 81 50 49 30 78 63 26 76 28 69 90 87 22 90 48 47 47 66 63 27 63 52 56 43 49 29 84 25 38 64 88 86 66 52 61 32 20 21 81 40 26 35 38 37 78 20 74 26
32 83 41 39 63 80 25 36 72 22 34 62 55 53 69 38 24 31 56 89 52 61 30 54 70 78 78 34 47 27 57 32 62 28 60 64 69 85 80 21 71 73 50 79 86 45 39 81 20 57
46 68 83 89 41 55 51 57 31 24 57 80 36 31 23 26 81 52 81 65 25 73 75 67 69 65 50 33 49 78 71 83 24 38 81 29 71 29 56 80 32 35 80 34 28 61 62 84 46 49
55 57 40 37 57 34 24 90 79 31 56 30 89 72 22 83 69 67 52 85 86 85 50 65 38 74 43 71 82 48 50 58 88 65 49 77 48 65 25 50 66 79 24 71 30 28 31 57 87 82
55 39 74 70 28 64 20 31 31 55 36 90 72 77 38 51 37 58 72 30 33 83 36 83 43 38 27 90 74 90 59 38 53 38 40 90 33 29 22 76 55 20 66 26 86 57 54 83 76 49
29 35 34 65 45 80 44 21 59 90 40 57 79 77 27 27 38 39 90 62 48 55 21 44 61 32 49 84 23 58 69 67 57 45 89 49 80 50 65 69 90 48 42 38 47 29 46 86 80 51
28 78 45 45 46 73 78 58 24 90 66 74 88 85 52 80 31 77 55 26 37 51 58 67 54 63 21 65 41 32 46 64 27 88 83 87 65 38 82 67 47 70 72 58 36 72 70 46 57 22
61 46 55 54 70 72 53 43 87 21 35 63 74 44 34 78 85 41 88 37 33 42 52 39 88 46 74 26 57 82 41 58 71 44 66 82 62 65 71 62 30 24 61 74 51 65 31 83 71 45
66 73 35 73 74 60 84 32 50 73 26 72 43 29 40 26 52 38 74 69 40 31 30 22 26 81 32 75 46 56 26 48 45 39 33 87 80 33 44 50 86 56 49 31 37 74 83 86 80 88
24 31 28 33 80 24 28 78 60 20 37 90 35 28 43 68 48 38 34 48 85 30 42 74 71 62 24 83 70 24 43 69 35 73 81 32 71 41 28 76 54 87 35 76 70 45 38 32 60 80
